cam0:
  cam_overlaps: [1]
  camera_model: pinhole
  distortion_coeffs: [0.0038974768846982157, -0.009688617348833526, 0.0004028657598208257, 0.0006875830702264495]
  distortion_model: radtan
  intrinsics: [389.13848810782315, 389.0533068775951, 323.6626732642062, 236.84008674394667]
  resolution: [640, 480]
  rostopic: /camera/infra1/image_rect_raw
cam1:
  T_cn_cnm1:
  - [0.9999997156896518, 1.0610745921661591e-05, 0.0007539947102784466, -0.0500022672184801]
  - [-1.1427593905230961e-05, 0.9999994130954121, 0.0010833643140281074, -5.1446537055347465e-06]
  - [-0.0007539827724520168, -0.0010833726223617804, 0.9999991289064883, -0.00018747559140444957]
  - [0.0, 0.0, 0.0, 1.0]
  cam_overlaps: [0]
  camera_model: pinhole
  distortion_coeffs: [0.003818761661922061, -0.006060705697221207, 0.0003095427275227637, 0.00037589580324030137]
  distortion_model: radtan
  intrinsics: [388.42246802767386, 388.3997560010634, 323.34879008366096, 237.2786490057906]
  resolution: [640, 480]
  rostopic: /camera/infra2/image_rect_raw
