cam0:
  T_cam_imu:
  - [0.9999888697987181, 0.0034363619501563505, 0.00323290816904942, 0.0028035404022572516]
  - [-0.0034641144818985535, 0.9999568613630205, 0.008618313284675256, -0.00699867916830369]
  - [-0.003203153061951543, -0.008629416525120741, 0.9999576355930772, -0.01629262390410741]
  - [0.0, 0.0, 0.0, 1.0]
  cam_overlaps: [1]
  camera_model: pinhole
  distortion_coeffs: [0.0038974768846982157, -0.009688617348833526, 0.0004028657598208257, 0.0006875830702264495]
  distortion_model: radtan
  intrinsics: [389.13848810782315, 389.0533068775951, 323.6626732642062, 236.84008674394667]
  resolution: [640, 480]
  rostopic: /camera/infra1/image_rect_raw
  timeshift_cam_imu: 0.0023707443799577937
cam1:
  T_cam_imu:
  - [0.9999861335742334, 0.0034404647269389113, 0.003986961464372442, -0.04721108642674508]
  - [-0.0034790100972273788, 0.9999468864124904, 0.009701589700127453, -0.007021502599493133]
  - [-0.003953371725387284, -0.009715325852945864, 0.9999449901347435, -0.016474616946874465]
  - [0.0, 0.0, 0.0, 1.0]
  T_cn_cnm1:
  - [0.9999997156896527, 1.0610745921661591e-05, 0.0007539947102784465, -0.0500022672184801]
  - [-1.1427593905230961e-05, 0.999999413095413, 0.0010833643140281074, -5.1446537055347465e-06]
  - [-0.0007539827724520167, -0.0010833726223617804, 0.9999991289064892, -0.00018747559140444957]
  - [0.0, 0.0, 0.0, 1.0]
  cam_overlaps: [0]
  camera_model: pinhole
  distortion_coeffs: [0.003818761661922061, -0.006060705697221207, 0.0003095427275227637, 0.00037589580324030137]
  distortion_model: radtan
  intrinsics: [388.42246802767386, 388.3997560010634, 323.34879008366096, 237.2786490057906]
  resolution: [640, 480]
  rostopic: /camera/infra2/image_rect_raw
  timeshift_cam_imu: 0.0023638170392178124
